0.02789323404431343
3.8325183391571045
0.002991338726133108
1.1960117816925049
0.0007867023232392967
0.021903544664382935
11.68199634552002
0.10096503794193268
0.002213246189057827
0.003833445953205228
0.02871530130505562
0.0030436671804636717
0.25699877738952637
0.0009684264659881592
0.005230001173913479
0.036331240087747574
139.29893493652344
0.010745273903012276
0.021442731842398643
0.0005737076862715185
0.0016728780465200543
0.23074854910373688
0.00023861612135078758
0.8004070520401001
0.019907161593437195
0.0006739915697835386
160.38650512695312
16.00104522705078
0.012519286945462227
40.77979278564453
0.018507132306694984
0.003672834252938628
47.55231857299805
0.3175092339515686
0.010580137372016907
34.48410415649414
202.5223846435547
174.24098205566406
0.013504366390407085
0.0015525462804362178
0.003585029160603881
0.0068157571367919445
3.133389949798584
75.13612365722656
0.0004711498913820833
442.9049987792969
0.0034490209072828293
0.008826585486531258
0.012098095379769802
26.939687728881836
0.15449322760105133
0.08874453604221344
0.0010879712644964457
0.0029456589836627245
1.351226806640625
11.029030799865723
0.021187245845794678
1.3201853036880493
0.001446539186872542
72.44896697998047
0.0006663704407401383
0.0025973033625632524
0.929523766040802
0.0005186725757084787
0.0017860584193840623
1.4149049520492554
0.26707667112350464
0.014784164726734161
0.0075592962093651295
0.017032800242304802
1.4737495183944702
0.0233160313218832
0.004428899381309748
0.2622452676296234
0.04043053463101387
0.03677021339535713
0.007189861498773098
0.009854448027908802
4118.21044921875
0.0006887586205266416
3.8879103660583496
6.204748630523682
0.0003709763695951551
0.9442890286445618
0.002279310952872038
0.0022765337489545345
0.6773428916931152
0.001882387907244265
0.41030529141426086
0.00771674606949091
0.003515474731102586
0.03250652924180031
0.09754636138677597
0.00020635554392356426
0.001122632180340588
8.198067665100098
0.004290440119802952
0.17074337601661682
0.0002737567701842636
5.774980068206787
